1191441824276882_1477712582316470,212,10141,1826,48236
1191441824276882_1476838729070522,22,478,96,3675
1191441824276882_1478692752218453,212,10141,1826,48236
1191441824276882_1472986396122422,22,763,628,4755
1191441824276882_1481670258587369,212,10141,1826,48236
1191441824276882_1480598588694536,212,10141,1826,48236
1191441824276882_1479675212120207,212,10141,1826,48236
1191441824276882_1481644395256622,77,2352,711,12086
1191441824276882_1479821142105614,44,2150,317,8164
1191441824276882_1476952999059095,69,1105,583,6633
1191441824276882_1475663739188021,37,1122,227,7546
1191441824276882_1477606555660406,106,6424,319,25638
1191441824276882_1479809762106752,41,1834,145,8444
1191441824276882_1471010756319986,11,178,255,1714
1191441824276882_1476757835745278,31,712,385,4078
1191441824276882_1470351073052621,19,479,191,3650
1191441824276882_1470300489724346,46,1261,478,7522
1191441824276882_1475863019168093,22,693,131,4330
1191441824276882_1475668415854220,86,143,980,2669
1191441824276882_1476841595736902,212,10141,1826,48236
1191441824276882_1469307569823638,29,909,179,5556
1191441824276882_1468434263244302,6,110,408,1083
1191441824276882_1468181246602937,34,1111,57,5402
1191441824276882_1470146603073068,55,3547,898,14645
1191441824276882_1468149049939490,31,885,637,6259
